0 0.020444 0.366205 0.036308 0.087752
0 0.269555 0.049447 0.061485 0.074706
0 0.203410 0.719961 0.045384 0.076993
0 0.538082 0.847450 0.075010 0.077253
0 0.016538 0.371096 0.033075 0.080151
0 0.140549 0.366365 0.095066 0.084418
0 0.608841 0.824119 0.048895 0.032689
0 0.787689 0.805762 0.096573 0.041874
0 0.476887 0.021832 0.032576 0.019003
0 0.810607 0.799750 0.062015 0.034998
0 0.722455 0.873084 0.032187 0.041250
0 0.834216 0.828426 0.027702 0.024001
0 0.574274 0.882893 0.133797 0.099356
0 0.597951 0.897288 0.084180 0.065570
0 0.776215 0.812233 0.083077 0.037061
