0 0.912174 0.717281 0.040200 0.046755
0 0.157849 0.303843 0.079787 0.096930
0 0.753430 0.171687 0.049112 0.021872
0 0.590647 0.393913 0.070624 0.043689
0 0.659036 0.915268 0.034123 0.027181
0 0.235445 0.180284 0.052461 0.067800
0 0.107442 0.180431 0.040996 0.059475
0 0.513550 0.967858 0.039313 0.052936
0 0.544410 0.390982 0.046164 0.038724
0 0.583254 0.394359 0.092456 0.048546
0 0.207281 0.116851 0.030174 0.037259
0 0.228282 0.184078 0.055643 0.077660
0 0.712428 0.300427 0.023925 0.020107
0 0.346790 0.635467 0.046564 0.054239
0 0.709841 0.225499 0.028446 0.027329
0 0.359211 0.627852 0.065242 0.059625
