0 0.148219 0.852342 0.028912 0.034528
0 0.325707 0.018233 0.071956 0.036260
0 0.796265 0.151454 0.060166 0.047761
0 0.365047 0.498703 0.056345 0.052794
0 0.138510 0.328502 0.030868 0.020689
0 0.214213 0.054023 0.056484 0.045152
0 0.858228 0.770958 0.046355 0.037491
0 0.512471 0.392633 0.081776 0.056350
0 0.511137 0.935687 0.069756 0.070596
0 0.227730 0.687946 0.052822 0.077584
0 0.072295 0.256057 0.021265 0.054281
0 0.621778 0.862302 0.061646 0.051494
0 0.195276 0.245059 0.052178 0.091235
0 0.187123 0.255241 0.049033 0.105854
0 0.850711 0.875337 0.033327 0.037421
