0 0.107296 0.873696 0.025858 0.055680
0 0.665794 0.191602 0.028678 0.031406
0 0.365353 0.010393 0.034319 0.020785
0 0.582816 0.901773 0.065742 0.060013
0 0.240367 0.070772 0.039018 0.042513
0 0.942255 0.685704 0.060764 0.041366
0 0.309822 0.585753 0.064980 0.062558
0 0.226355 0.195836 0.054872 0.078976
0 0.132766 0.330315 0.033653 0.021857
0 0.461642 0.459047 0.069354 0.058118
0 0.119926 0.388352 0.027170 0.064220
0 0.159900 0.129259 0.038518 0.058727
0 0.162961 0.123772 0.047244 0.076564
0 0.388014 0.532163 0.067298 0.055870
0 0.397909 0.535557 0.067615 0.051777
0 0.118818 0.380736 0.024051 0.053355
0 0.236033 0.559335 0.021514 0.031276
0 0.395325 0.526931 0.087116 0.078593
