0 0.310547 0.035156 0.089844 0.062500
0 0.070312 0.425781 0.023438 0.031250
0 0.148438 0.322266 0.078125 0.066406
0 0.529297 0.882812 0.058594 0.078125
0 0.523438 0.013672 0.039062 0.019531
0 0.921875 0.750000 0.078125 0.062500
0 0.210938 0.242188 0.023438 0.023438
0 0.810547 0.687500 0.042969 0.054688
0 0.865234 0.712891 0.105469 0.066406
0 0.373047 0.576172 0.035156 0.042969
0 0.347656 0.626953 0.046875 0.027344
0 0.816406 0.771484 0.101562 0.066406
0 0.130859 0.873047 0.042969 0.058594
0 0.048828 0.384766 0.027344 0.050781
0 0.912109 0.671875 0.082031 0.054688
0 0.220703 0.113281 0.066406 0.070312
