0 0.234375 0.070312 0.054688 0.054688
0 0.675781 0.294922 0.054688 0.035156
0 0.042969 0.394531 0.023438 0.046875
0 0.140625 0.183594 0.031250 0.070312
0 0.181641 0.281250 0.027344 0.039062
0 0.201172 0.755859 0.089844 0.113281
0 0.373047 0.568359 0.050781 0.035156
0 0.853516 0.718750 0.058594 0.078125
0 0.958984 0.705078 0.082031 0.082031
0 0.097656 0.906250 0.023438 0.031250
0 0.173828 0.179688 0.058594 0.085938
0 0.152344 0.281250 0.054688 0.062500
0 0.437500 0.546875 0.054688 0.054688
0 0.916016 0.675781 0.089844 0.070312
0 0.257812 0.091797 0.070312 0.050781
