0 0.554086 0.858112 0.118029 0.093859
0 0.119489 0.392275 0.066728 0.038477
0 0.252493 0.059392 0.042653 0.057661
0 0.575905 0.977044 0.039899 0.038029
0 0.087666 0.229036 0.042079 0.079356
0 0.033877 0.329490 0.047891 0.081503
0 0.665406 0.866922 0.041790 0.027465
0 0.768006 0.817198 0.066481 0.037316
0 0.471680 0.989030 0.038152 0.021374
0 0.775606 0.811411 0.066511 0.035646
0 0.954300 0.468274 0.034393 0.069775
0 0.783999 0.893836 0.028850 0.021094
0 0.469118 0.023209 0.063459 0.022183
0 0.560142 0.837911 0.128591 0.058525
0 0.947560 0.472474 0.043400 0.082576
0 0.775634 0.821117 0.078821 0.049994
0 0.443123 0.025869 0.113410 0.030190
