0 0.131400 0.368840 0.035072 0.078467
0 0.209648 0.109207 0.062169 0.086912
0 0.183703 0.291302 0.034362 0.030951
0 0.989069 0.575047 0.020055 0.037837
0 0.985757 0.415097 0.026202 0.062507
0 0.564083 0.861875 0.073741 0.059870
0 0.247268 0.014543 0.050801 0.026319
0 0.472129 0.959938 0.037093 0.052378
0 0.100020 0.263244 0.033790 0.049188
0 0.659338 0.930298 0.043404 0.041752
0 0.652022 0.933165 0.038913 0.043054
0 0.023895 0.339393 0.037342 0.051303
0 0.646515 0.839687 0.068380 0.053175
0 0.020565 0.348169 0.037406 0.064563
