0 0.446886 0.432090 0.051534 0.035409
0 0.294128 0.047393 0.122222 0.092489
0 0.074787 0.241099 0.024047 0.070015
0 0.512997 0.957200 0.028362 0.059081
0 0.178582 0.855881 0.024465 0.042080
0 0.439178 0.024501 0.064931 0.033771
0 0.141514 0.330639 0.035237 0.025688
0 0.843372 0.782044 0.046575 0.049832
0 0.290289 0.690859 0.051409 0.033554
0 0.192922 0.248912 0.050729 0.089541
0 0.637489 0.850351 0.057468 0.046693
0 0.255562 0.144530 0.026196 0.033785
0 0.660017 0.316526 0.040640 0.035295
0 0.627948 0.835403 0.041395 0.046529
