0 0.259766 0.597656 0.058594 0.031250
0 0.101562 0.244141 0.031250 0.042969
0 0.511719 0.912109 0.062500 0.082031
0 0.464844 0.011719 0.062500 0.015625
0 0.603516 0.873047 0.058594 0.058594
0 0.248047 0.080078 0.089844 0.089844
0 0.921875 0.675781 0.046875 0.031250
0 0.041016 0.382812 0.011719 0.046875
0 0.330078 0.015625 0.042969 0.023438
0 0.140625 0.302734 0.039062 0.035156
0 0.115234 0.341797 0.042969 0.042969
0 0.132812 0.869141 0.015625 0.035156
0 0.070312 0.376953 0.023438 0.027344
0 0.171875 0.779297 0.031250 0.042969
0 0.849609 0.714844 0.066406 0.054688
0 0.839844 0.777344 0.046875 0.046875
0 0.908203 0.761719 0.058594 0.070312
