0 0.291907 0.017149 0.087315 0.034297
0 0.418649 0.478714 0.059771 0.062083
0 0.804548 0.781203 0.048390 0.041983
0 0.811699 0.650245 0.051938 0.053236
0 0.567052 0.327009 0.054040 0.047953
0 0.949127 0.442142 0.026832 0.057859
0 0.986400 0.398580 0.027201 0.035198
0 0.495821 0.953166 0.027182 0.028061
0 0.566187 0.893165 0.061400 0.058445
0 0.168269 0.307622 0.029844 0.033937
0 0.175280 0.862848 0.023277 0.027186
0 0.728723 0.907186 0.027673 0.035759
0 0.630432 0.932049 0.050035 0.039205
0 0.621602 0.939431 0.052093 0.030040
