0 0.359375 0.013672 0.054688 0.019531
0 0.099609 0.273438 0.066406 0.070312
0 0.236328 0.070312 0.035156 0.054688
0 0.132812 0.205078 0.039062 0.035156
0 0.564453 0.861328 0.058594 0.050781
0 0.166016 0.316406 0.042969 0.046875
0 0.814453 0.773438 0.042969 0.023438
0 0.048828 0.433594 0.042969 0.054688
0 0.953125 0.669922 0.023438 0.035156
0 0.841797 0.837891 0.035156 0.042969
0 0.123047 0.800781 0.035156 0.062500
0 0.404297 0.505859 0.042969 0.019531
0 0.306641 0.605469 0.042969 0.046875
0 0.160156 0.722656 0.054688 0.078125
0 0.041016 0.400391 0.035156 0.058594
