0 0.578004 0.851257 0.056922 0.042544
0 0.222016 0.694654 0.067798 0.058346
0 0.246949 0.051883 0.075583 0.048826
0 0.377473 0.612438 0.039353 0.034484
0 0.653436 0.912838 0.070990 0.057216
0 0.150848 0.336087 0.062363 0.084876
0 0.116976 0.951893 0.019067 0.044476
0 0.617096 0.383107 0.038891 0.028159
0 0.418019 0.452154 0.036161 0.025648
0 0.597645 0.339016 0.039379 0.027502
0 0.908179 0.722745 0.046115 0.056861
0 0.901788 0.727314 0.032599 0.046580
0 0.195972 0.225396 0.045020 0.067705
0 0.933461 0.758605 0.031474 0.018129
0 0.573170 0.355308 0.054240 0.048563
0 0.202824 0.223022 0.037897 0.061279
0 0.585035 0.349328 0.064632 0.048317
