0 0.070312 0.445312 0.031250 0.046875
0 0.138672 0.880859 0.027344 0.050781
0 0.548828 0.939453 0.050781 0.066406
0 0.408203 0.439453 0.066406 0.035156
0 0.099609 0.228516 0.027344 0.027344
0 0.183594 0.144531 0.046875 0.062500
0 0.320312 0.585938 0.101562 0.101562
0 0.417969 0.013672 0.046875 0.019531
0 0.240234 0.642578 0.066406 0.089844
0 0.224609 0.681641 0.050781 0.035156
0 0.123047 0.335938 0.027344 0.031250
0 0.232422 0.785156 0.050781 0.101562
0 0.785156 0.808594 0.062500 0.054688
0 0.476562 0.445312 0.062500 0.039062
