0 0.254466 0.160487 0.034728 0.050420
0 0.318883 0.011448 0.044232 0.022896
0 0.097815 0.290460 0.046975 0.048179
0 0.237955 0.695837 0.049502 0.065726
0 0.183229 0.919946 0.027315 0.043423
0 0.196273 0.787033 0.046712 0.072897
0 0.559472 0.921987 0.061925 0.052000
0 0.195851 0.825217 0.048442 0.066466
0 0.186337 0.801190 0.052224 0.092042
0 0.193524 0.803671 0.062337 0.106112
0 0.455552 0.965697 0.016315 0.057384
0 0.186208 0.817897 0.041519 0.069316
0 0.556392 0.967445 0.082685 0.048673
0 0.194914 0.836146 0.051668 0.051770
