0 0.201326 0.227233 0.053663 0.073829
0 0.902011 0.711773 0.048885 0.038275
0 0.110681 0.372028 0.047500 0.066244
0 0.874017 0.846901 0.054556 0.069628
0 0.217671 0.585041 0.033627 0.041493
0 0.446196 0.463852 0.120615 0.097195
0 0.133967 0.816251 0.044277 0.056224
0 0.590074 0.885837 0.064619 0.051921
0 0.132824 0.331247 0.032755 0.020352
0 0.565583 0.884876 0.060362 0.056104
0 0.231015 0.036397 0.026084 0.027344
0 0.137562 0.855216 0.022849 0.031612
0 0.183775 0.762693 0.035267 0.034027
0 0.165413 0.299989 0.023830 0.024282
0 0.555749 0.881133 0.036850 0.052156
0 0.128383 0.824574 0.049635 0.081153
