0 0.564453 0.841797 0.066406 0.058594
0 0.710938 0.167969 0.046875 0.031250
0 0.406250 0.572266 0.054688 0.035156
0 0.203125 0.134766 0.046875 0.074219
0 0.302734 0.619141 0.050781 0.050781
0 0.062500 0.380859 0.023438 0.089844
0 0.498047 0.021484 0.035156 0.019531
0 0.179688 0.294922 0.039062 0.074219
0 0.341797 0.011719 0.035156 0.015625
0 0.144531 0.287109 0.054688 0.082031
0 0.273438 0.681641 0.023438 0.027344
0 0.037109 0.382812 0.027344 0.070312
0 0.886719 0.703125 0.085938 0.093750
0 0.931641 0.742188 0.066406 0.093750
