0 0.218178 0.043046 0.040255 0.050133
0 0.147705 0.326278 0.076052 0.088533
0 0.611955 0.822445 0.065044 0.044942
0 0.359391 0.626853 0.058192 0.052182
0 0.233252 0.126560 0.029744 0.057100
0 0.649387 0.921084 0.033757 0.024221
0 0.743328 0.179871 0.058120 0.039087
0 0.908821 0.717380 0.038818 0.039486
0 0.495943 0.418033 0.082928 0.033333
0 0.784544 0.930723 0.032271 0.025617
0 0.205121 0.218173 0.051255 0.075417
0 0.236146 0.123119 0.038759 0.058947
0 0.210186 0.211180 0.058919 0.073017
0 0.821632 0.894664 0.022060 0.026796
