0 0.138672 0.861328 0.019531 0.050781
0 0.544922 0.880859 0.050781 0.042969
0 0.226562 0.091797 0.085938 0.050781
0 0.064453 0.341797 0.042969 0.082031
0 0.625000 0.855469 0.054688 0.054688
0 0.882812 0.783203 0.046875 0.035156
0 0.267578 0.634766 0.035156 0.019531
0 0.130859 0.195312 0.066406 0.054688
0 0.242188 0.111328 0.054688 0.050781
0 0.625000 0.916016 0.039062 0.050781
0 0.488281 0.970703 0.054688 0.058594
0 0.478516 0.009766 0.066406 0.011719
0 0.126953 0.333984 0.027344 0.035156
0 0.087891 0.261719 0.035156 0.046875
