0 0.142068 0.364941 0.066080 0.048358
0 0.488314 0.984051 0.039890 0.031899
0 0.539750 0.831700 0.038171 0.031739
0 0.148859 0.190071 0.054874 0.087939
0 0.207137 0.069700 0.019864 0.041989
0 0.785138 0.857159 0.034564 0.024504
0 0.053902 0.364829 0.024969 0.025294
0 0.776687 0.706877 0.026633 0.039025
0 0.718190 0.776307 0.053755 0.034891
0 0.625185 0.337263 0.059704 0.035397
0 0.724882 0.773605 0.055418 0.033231
0 0.750361 0.801306 0.054183 0.036419
0 0.719655 0.889460 0.032058 0.022189
0 0.101211 0.869923 0.022425 0.024539
0 0.627434 0.333537 0.070577 0.043010
0 0.569471 0.986855 0.037490 0.025021
0 0.666746 0.303444 0.057925 0.040359
0 0.584509 0.836633 0.024099 0.030219
0 0.882815 0.772840 0.022749 0.018045
