0 0.348945 0.013416 0.063021 0.026832
0 0.219854 0.072864 0.056474 0.068433
0 0.257276 0.627017 0.058867 0.062599
0 0.876452 0.555243 0.064368 0.059673
0 0.988403 0.695317 0.021620 0.038379
0 0.510391 0.946501 0.052647 0.050371
0 0.981328 0.585390 0.030409 0.037931
0 0.823112 0.132225 0.033923 0.025500
0 0.105971 0.334926 0.048835 0.060367
0 0.111513 0.322657 0.054371 0.089636
0 0.641149 0.847535 0.046590 0.032688
0 0.539023 0.978987 0.042246 0.031777
0 0.060067 0.311725 0.031872 0.075915
0 0.067673 0.303253 0.048634 0.101923
0 0.987580 0.692617 0.024839 0.053439
0 0.093454 0.306031 0.097919 0.130305
