0 0.551526 0.855283 0.112119 0.082291
0 0.102011 0.205267 0.060420 0.063603
0 0.573858 0.976820 0.042756 0.039587
0 0.120986 0.388995 0.069129 0.035909
0 0.705042 0.878043 0.042680 0.060459
0 0.963040 0.450363 0.044394 0.082575
0 0.869693 0.800508 0.045006 0.041418
0 0.850719 0.634992 0.034897 0.029917
0 0.472854 0.985972 0.039464 0.027741
0 0.773447 0.813996 0.067793 0.039733
0 0.241705 0.079517 0.017781 0.036906
0 0.040993 0.312727 0.024967 0.038969
0 0.043842 0.309327 0.022908 0.040730
0 0.773165 0.821810 0.065658 0.054079
