0 0.573719 0.978472 0.049253 0.041792
0 0.835712 0.652728 0.043927 0.047141
0 0.503591 0.892151 0.054227 0.086332
0 0.120417 0.388255 0.057979 0.034005
0 0.709247 0.891723 0.027392 0.044196
0 0.058082 0.418156 0.027029 0.042031
0 0.976308 0.731147 0.043706 0.051317
0 0.104997 0.222400 0.047018 0.068741
0 0.762158 0.819707 0.062466 0.027700
0 0.584374 0.836167 0.058741 0.045511
0 0.178948 0.119768 0.083279 0.087233
0 0.822810 0.821564 0.027061 0.030732
0 0.484793 0.980236 0.030357 0.029786
0 0.990855 0.398726 0.017897 0.034881
0 0.632046 0.913394 0.033070 0.020503
