0 0.126953 0.207031 0.074219 0.070312
0 0.044922 0.326172 0.027344 0.042969
0 0.353516 0.582031 0.050781 0.054688
0 0.544922 0.937500 0.035156 0.046875
0 0.158203 0.888672 0.027344 0.042969
0 0.480469 0.441406 0.039062 0.031250
0 0.117188 0.333984 0.023438 0.027344
0 0.564453 0.431641 0.042969 0.050781
0 0.066406 0.445312 0.046875 0.093750
0 0.195312 0.679688 0.039062 0.062500
0 0.501953 0.929688 0.035156 0.046875
0 0.269531 0.626953 0.101562 0.136719
0 0.166016 0.814453 0.082031 0.074219
0 0.199219 0.748047 0.039062 0.058594
