0 0.212891 0.626953 0.042969 0.042969
0 0.308594 0.035156 0.070312 0.054688
0 0.720703 0.855469 0.042969 0.031250
0 0.724609 0.169922 0.066406 0.050781
0 0.179688 0.837891 0.031250 0.050781
0 0.361328 0.521484 0.035156 0.042969
0 0.140625 0.888672 0.023438 0.035156
0 0.656250 0.925781 0.039062 0.031250
0 0.542969 0.902344 0.023438 0.031250
0 0.882812 0.728516 0.023438 0.019531
0 0.035156 0.390625 0.039062 0.093750
0 0.560547 0.435547 0.042969 0.058594
0 0.169922 0.287109 0.019531 0.050781
0 0.078125 0.257812 0.023438 0.023438
0 0.242188 0.205078 0.023438 0.019531
0 0.064453 0.318359 0.042969 0.074219
0 0.857422 0.130859 0.058594 0.042969
