0 0.046875 0.396484 0.023438 0.050781
0 0.103516 0.880859 0.027344 0.050781
0 0.144531 0.195312 0.046875 0.046875
0 0.904297 0.697266 0.066406 0.042969
0 0.222656 0.619141 0.046875 0.082031
0 0.792969 0.792969 0.039062 0.015625
0 0.357422 0.064453 0.042969 0.042969
0 0.912109 0.578125 0.027344 0.039062
0 0.716797 0.701172 0.035156 0.019531
0 0.478516 0.501953 0.027344 0.027344
0 0.212891 0.111328 0.035156 0.042969
0 0.271484 0.037109 0.035156 0.050781
0 0.283203 0.056641 0.042969 0.050781
0 0.335938 0.023438 0.046875 0.031250
0 0.800781 0.744141 0.062500 0.035156
