0 0.273351 0.627865 0.059931 0.065557
0 0.535278 0.843870 0.067936 0.059844
0 0.275227 0.038934 0.071452 0.072217
0 0.122710 0.392366 0.062657 0.034904
0 0.604541 0.902352 0.058742 0.059996
0 0.779207 0.735425 0.030708 0.045068
0 0.607921 0.824238 0.046401 0.030157
0 0.751979 0.817620 0.044922 0.029452
0 0.523983 0.937672 0.061263 0.085125
0 0.050370 0.364621 0.051895 0.075104
0 0.704154 0.887817 0.036359 0.025802
0 0.022952 0.371629 0.042224 0.074241
0 0.529227 0.928507 0.055124 0.075850
0 0.597383 0.908460 0.071193 0.074612
0 0.032601 0.368818 0.064250 0.074928
0 0.580353 0.978810 0.022434 0.025584
