0 0.228939 0.042487 0.057463 0.053593
0 0.134714 0.331787 0.036229 0.023179
0 0.863608 0.862416 0.042820 0.047747
0 0.149756 0.184746 0.039270 0.049772
0 0.510250 0.421469 0.104608 0.089030
0 0.295544 0.576697 0.033754 0.034995
0 0.395862 0.465520 0.069865 0.070509
0 0.324942 0.016777 0.067087 0.033554
0 0.848758 0.755584 0.091123 0.054949
0 0.610614 0.875371 0.057051 0.051611
0 0.201597 0.226333 0.055208 0.076209
0 0.180940 0.744050 0.088192 0.099764
0 0.596902 0.942940 0.028042 0.030839
0 0.330967 0.013616 0.064782 0.027232
0 0.538164 0.906405 0.046274 0.068107
0 0.071861 0.264262 0.018657 0.050581
0 0.497311 0.925193 0.034727 0.037753
