0 0.191887 0.108259 0.043595 0.041227
0 0.829613 0.134989 0.037409 0.030507
0 0.982405 0.586350 0.032573 0.040142
0 0.892831 0.553596 0.027936 0.050382
0 0.486803 0.966003 0.033796 0.035689
0 0.299735 0.045254 0.038098 0.030180
0 0.079393 0.370268 0.053765 0.071908
0 0.071086 0.307678 0.063725 0.099511
0 0.237022 0.698174 0.060573 0.058066
0 0.231276 0.679432 0.060453 0.073208
0 0.640665 0.849044 0.052630 0.037919
0 0.085837 0.359614 0.057674 0.074779
0 0.064260 0.318193 0.048025 0.106137
0 0.869961 0.555816 0.036095 0.044005
0 0.543912 0.978887 0.031019 0.025803
0 0.076838 0.295185 0.080396 0.081064
0 0.236430 0.689122 0.066304 0.068408
