0 0.230753 0.032342 0.080013 0.062133
0 0.187646 0.133837 0.058814 0.075766
0 0.186093 0.293792 0.041360 0.036864
0 0.651064 0.833668 0.059494 0.041215
0 0.986832 0.409489 0.025592 0.048792
0 0.085157 0.402405 0.024187 0.028150
0 0.865086 0.565963 0.026222 0.031030
0 0.990394 0.574995 0.018426 0.034715
0 0.581280 0.842976 0.044678 0.047802
0 0.915517 0.729636 0.022064 0.033094
0 0.471746 0.966320 0.039547 0.054517
0 0.534260 0.986329 0.039353 0.025479
0 0.667682 0.917265 0.029952 0.017645
0 0.641542 0.840643 0.066929 0.052292
