0 0.791016 0.830078 0.035156 0.019531
0 0.763672 0.667969 0.027344 0.031250
0 0.119141 0.365234 0.035156 0.011719
0 0.667969 0.982422 0.039062 0.027344
0 0.232422 0.187500 0.035156 0.039062
0 0.566406 0.878906 0.039062 0.046875
0 0.248047 0.089844 0.058594 0.085938
0 0.083984 0.824219 0.019531 0.023438
0 0.564453 0.935547 0.035156 0.035156
0 0.060547 0.308594 0.035156 0.062500
0 0.166016 0.126953 0.058594 0.066406
0 0.560547 0.937500 0.035156 0.031250
0 0.195312 0.068359 0.046875 0.058594
0 0.154297 0.855469 0.042969 0.046875
0 0.849609 0.119141 0.050781 0.027344
