0 0.266043 0.048569 0.049846 0.060548
0 0.538213 0.843746 0.072157 0.069706
0 0.032294 0.335446 0.052216 0.086434
0 0.121506 0.392127 0.065333 0.036502
0 0.609117 0.822868 0.050740 0.034211
0 0.571852 0.976956 0.039728 0.037371
0 0.464815 0.021475 0.106142 0.027409
0 0.584858 0.904867 0.056351 0.065214
0 0.359143 0.608585 0.062873 0.050746
0 0.764721 0.819664 0.071316 0.046623
0 0.140399 0.828841 0.018812 0.036772
0 0.178418 0.795396 0.022870 0.038375
0 0.083041 0.234393 0.016114 0.039460
0 0.685849 0.270324 0.041395 0.035288
0 0.690246 0.267184 0.042942 0.037778
0 0.455083 0.023797 0.088931 0.026679
0 0.988349 0.683714 0.022338 0.032879
0 0.839898 0.598885 0.031618 0.024537
