0 0.824759 0.136704 0.036943 0.035727
0 0.873466 0.582197 0.060211 0.083845
0 0.648405 0.947338 0.025207 0.022283
0 0.074831 0.289231 0.020518 0.037144
0 0.137316 0.275298 0.037418 0.030197
0 0.216527 0.656670 0.055901 0.078307
0 0.227335 0.648917 0.064862 0.068068
0 0.288175 0.087491 0.053870 0.043784
0 0.179437 0.123674 0.114272 0.101191
0 0.381221 0.500223 0.043985 0.035390
0 0.586283 0.912407 0.063162 0.065230
0 0.975661 0.592354 0.031289 0.036265
0 0.639623 0.850037 0.037483 0.027143
0 0.376408 0.507960 0.040733 0.046768
0 0.564099 0.908001 0.053441 0.056509
0 0.699841 0.274112 0.046167 0.036054
0 0.280708 0.096759 0.043181 0.049941
