0 0.150391 0.855469 0.035156 0.078125
0 0.425781 0.564453 0.054688 0.035156
0 0.080078 0.261719 0.066406 0.101562
0 0.279297 0.138672 0.035156 0.035156
0 0.605469 0.949219 0.023438 0.023438
0 0.212891 0.078125 0.027344 0.031250
0 0.539062 0.949219 0.031250 0.039062
0 0.246094 0.675781 0.070312 0.093750
0 0.857422 0.662109 0.027344 0.035156
0 0.115234 0.333984 0.027344 0.027344
0 0.691406 0.785156 0.046875 0.023438
0 0.142578 0.148438 0.019531 0.023438
0 0.111328 0.880859 0.027344 0.042969
0 0.140625 0.919922 0.031250 0.042969
