0 0.226562 0.109375 0.062500 0.062500
0 0.121094 0.218750 0.062500 0.085938
0 0.619141 0.859375 0.066406 0.062500
0 0.894531 0.773438 0.070312 0.054688
0 0.070312 0.349609 0.031250 0.089844
0 0.132812 0.857422 0.015625 0.042969
0 0.130859 0.320312 0.027344 0.031250
0 0.548828 0.873047 0.058594 0.042969
0 0.478516 0.009766 0.058594 0.011719
0 0.664062 0.943359 0.023438 0.027344
0 0.492188 0.962891 0.023438 0.058594
0 0.490234 0.968750 0.019531 0.046875
0 0.039062 0.375000 0.031250 0.062500
0 0.814453 0.802734 0.042969 0.035156
